3.69388e-196
6.0787e-194
3.62756e-191
1.94518e-188
1.03381e-186
2.00895e-183
6.54124e-181
3.29708e-179
6.90132e-176
1.36641e-173
2.32976e-171
1.51325e-168
1.63481e-166
6.10081e-164
2.13419e-161
7.72486e-160
9.06667e-157
1.92303e-154
5.80959e-153
8.34612e-150
1.07783e-147
1.14856e-145
4.90135e-143
3.47495e-141
8.11137e-139
1.85134e-136
4.54908e-135
3.23514e-132
4.46971e-130
8.05552e-129
7.98021e-126
6.72139e-124
4.47508e-122
1.25517e-119
5.83798e-118
8.52574e-116
1.26975e-113
2.11198e-112
9.12646e-110
8.21375e-108
8.78323e-107
6.03284e-104
3.31365e-102
1.37797e-100
2.54139e-98
7.75204e-97
7.08435e-95
6.88536e-93
7.7324e-92
2.03553e-89
1.19336e-87
7.52364e-87
3.60583e-84
1.29151e-82
3.35322e-81
4.06837e-79
8.13607e-78
4.65368e-76
2.95198e-74
2.23309e-73
3.58934e-71
1.37079e-69
5.05717e-69
1.70399e-66
3.9795e-65
6.44849e-64
5.14932e-62
6.74938e-61
2.41668e-59
1.00065e-57
5.08818e-57
5.00399e-55
1.24491e-53
2.66336e-53
6.36654e-51
9.69402e-50
9.79978e-49
5.153e-47
4.42558e-46
9.92121e-45
2.6818e-43
9.14876e-43
5.51545e-41
8.93876e-40
1.09676e-39
1.88069e-37
1.86691e-36
1.17686e-35
4.07709e-34
2.29371e-33
3.21983e-32
5.68263e-31
1.29831e-30
4.80626e-29
5.07442e-28
3.52162e-28
4.39244e-26
2.84244e-25
1.11679e-24
2.55048e-23
9.39663e-23
8.26076e-22
9.52035e-21
1.45436e-20
3.31128e-19
2.27754e-18
8.78167e-19
8.11095e-17
3.42142e-16
8.37421e-16
1.26146e-14
3.04283e-14
1.67543e-13
1.26106e-12
1.28618e-12
1.80361e-11
8.08195e-11
1.69045e-11
1.18417e-09
3.25589e-09
4.96164e-09
4.93293e-08
7.7886e-08
2.68624e-07
1.32068e-06
8.9808e-07
7.76698e-06
2.26745e-05
2.48778e-06
0.000136687
0.000244953
0.000232274
0.00152517
0.00157587
0.00340469
0.0109355
0.00495173
0.0264435
0.0502959
0.00275167
0.124744
0.145696
0.0859119
0.372829
0.252038
0.34113
0.715912
0.215609
0.711779
0.882061
0.0220966
0.900088
0.685113
0.251052
0.720581
0.318639
0.27019
0.370561
0.0741448
0.151471
0.122303
0.00117791
0.0513482
0.0254701
0.00579578
0.0110112
0.00318437
0.0016917
0.00151649
0.000201386
0.00025484
0.000134076
2.74817e-07
2.316e-05
7.48607e-06
1.057e-06
1.33036e-06
2.51561e-07
8.37296e-08
4.90683e-08
4.32061e-09
3.38972e-09
1.16208e-09
1.5488e-12
8.25899e-11
1.73953e-11
1.52276e-12
1.27081e-12
1.57095e-13
3.27591e-14
1.25528e-14
7.32237e-16
3.56463e-16
7.96333e-17
2.03327e-19
2.32856e-18
3.19569e-19
1.73282e-20
9.59786e-21
7.75497e-22
1.01317e-22
2.53899e-23
9.80334e-25
2.96359e-25
4.31447e-26
1.17677e-28
5.19065e-28
4.64146e-29
1.55743e-30
5.73122e-31
3.02624e-32
2.47696e-33
4.06033e-34
1.03689e-35
1.94794e-36
1.84814e-37
4.52584e-40
9.14806e-40
5.3297e-41
1.10553e-42
2.70583e-43
9.33542e-45
4.78682e-46
5.13384e-47
8.6647e-49
1.01224e-49
6.25919e-51
1.26415e-53
1.2747e-53
4.83847e-55
6.19722e-57
1.01002e-57
2.27653e-59
7.31237e-61
5.1322e-62
5.7207e-64
4.15858e-65
1.676e-66
2.65426e-69
1.4043e-69
3.47275e-71
2.74317e-73
2.98087e-74
4.38861e-76
8.82977e-78
4.05644e-79
2.98428e-81
1.35069e-82
3.5482e-84
4.26098e-87
1.22316e-87
1.9706e-89
9.58722e-92
6.95559e-93
6.68797e-95
8.42784e-97
2.53493e-98
1.2301e-100
3.46827e-102
5.93903e-104
5.28065e-107
8.42317e-108
8.84063e-110
2.64525e-112
1.28323e-113
8.05712e-116
6.35849e-118
1.25247e-119
4.00649e-122
7.04075e-124
7.85958e-126
5.0826e-129
4.58607e-130
3.13567e-132
5.76129e-135
1.87177e-136
7.67334e-139
3.79192e-141
4.89273e-143
1.03116e-145
1.12998e-147
8.22355e-150
3.81451e-153
1.97413e-154
8.79303e-157
9.90348e-160
2.15865e-161
5.77712e-164
1.78742e-166
1.51118e-168
2.0972e-171
1.43373e-173
6.80292e-176
2.23852e-179
6.71862e-181
1.94944e-183
1.34338e-186
1.96829e-188
3.43845e-191
6.6596e-194
3.69028e-196
3.37067e-199
1.43817e-201
4.44947e-204
1.02927e-207
1.80781e-209
3.417e-212
1.43772e-215
1.41897e-217
1.61785e-220
1.9612e-223
7.12498e-226
4.2812e-229
1.1405e-231
2.3009e-234
3.71372e-238
3.84589e-240
4.73526e-243
1.21371e-246
8.08794e-249
6.01789e-252
4.56501e-255
1.08765e-257
4.29733e-261
7.15021e-264
9.40727e-267
1.0527e-270
6.46857e-273
5.18809e-276
8.08006e-280
3.64486e-282
1.76962e-285
8.39846e-289
1.31273e-291
3.40898e-295
3.54392e-298
3.04093e-301
2.34647e-305
8.60178e-308
4.49403e-311
4.24078e-315
1.29868e-317
4.11557e-321
0
0
0
0
0
0
0
0
0
0
0
0
0
0
0
0
0
0
0
0
0
0
0
0
0
0
0
0
0
0
0
0
0
0
0
0
0
0
0
0
0
0
0
0
0
0
0
0
0
0
0
0
0
0
0
0
0
0
0
0
0
0
0
0
0
0
0
0
0
0
0
0
0
0
0
0
0
0
0
0
0
0
0
0
0
0
0
0
0
0
0
0
0
0
0
0
0
0
0
0
0
0
0
0
0
0
0
0
0
0
0
0
0
0
0
0
0
0
0
0
0
0
0
0
0
0
0
0
0
0
0
0
0
0
0
0
0
0
0
0
0
0
0
0
0
0
0
0
0
0
0
0
0
0
0
0
0

