9.13628e-192
1.01514e-192
1.12794e-193
1.25326e-194
1.39251e-195
1.54724e-196
1.71915e-197
1.91017e-198
2.12241e-199
2.35823e-200
2.62026e-201
2.9114e-202
3.23489e-203
3.59432e-204
3.99369e-205
4.43743e-206
4.93048e-207
5.47831e-208
6.08701e-209
6.76335e-210
7.51482e-211
8.34978e-212
9.27747e-213
1.03081e-213
1.14526e-214
1.27226e-215
1.41278e-216
1.56693e-217
1.73163e-218
1.89281e-219
2.00023e-220
1.89118e-221
1.11405e-222
8.82147e-224
3.68415e-224
1.306e-223
8.71457e-224
1.09818e-222
1.56345e-220
1.14148e-218
1.3686e-216
1.37526e-214
9.40347e-213
1.31496e-210
5.06018e-209
1.02912e-206
1.97047e-205
6.74125e-203
3.87983e-202
3.7511e-199
1.42584e-198
1.79292e-195
1.89745e-194
7.42867e-192
1.12536e-190
2.68877e-188
4.78708e-187
8.55583e-185
1.60341e-183
2.40515e-181
4.35979e-180
5.99103e-178
9.68194e-177
1.32354e-174
1.73183e-173
2.58992e-171
2.3743e-170
4.47359e-168
2.08423e-167
6.7835e-165
1.74623e-165
8.96067e-162
4.93936e-161
1.02034e-158
1.14323e-157
9.86382e-156
1.74697e-154
7.8966e-153
2.05417e-151
4.984e-150
1.9415e-148
2.16585e-147
1.49265e-145
2.37727e-145
9.28092e-143
6.09438e-142
4.54617e-140
6.88695e-139
1.63086e-137
4.53936e-136
3.20976e-135
2.14119e-133
6.06131e-133
7.35821e-131
8.56297e-130
1.67906e-128
4.16774e-127
1.29613e-126
1.29035e-124
8.01901e-124
2.56306e-122
4.22056e-121
2.10921e-120
1.10735e-118
5.4987e-118
1.69144e-116
2.53282e-115
7.70816e-115
4.9817e-113
3.14663e-112
4.90874e-111
8.9205e-110
9.12681e-110
1.11186e-107
1.07852e-106
4.23063e-106
1.61505e-104
9.08354e-104
9.40878e-103
1.71408e-101
5.2681e-101
1.14866e-99
1.41932e-98
1.94649e-98
9.93882e-97
9.59797e-96
3.41905e-96
6.58636e-94
5.4821e-93
7.10182e-95
3.45242e-91
2.69615e-90
7.96867e-91
1.44411e-88
1.14354e-87
1.20455e-87
4.76408e-86
4.12162e-85
8.59904e-85
1.18884e-83
1.22947e-82
4.00049e-82
1.98442e-81
2.92632e-80
1.33173e-79
1.03857e-79
5.25046e-78
3.25934e-77
5.52458e-77
6.24474e-76
5.80537e-75
2.06542e-74
2.43206e-74
7.08552e-73
3.94837e-72
7.62748e-72
4.67058e-71
4.71509e-70
1.88631e-69
1.36286e-69
3.15329e-68
2.19398e-67
6.95005e-67
7.18351e-68
1.33797e-65
7.71416e-65
2.13753e-64
8.05495e-65
3.9872e-63
2.12768e-62
5.73693e-62
2.24268e-63
8.53824e-61
4.63382e-60
1.32769e-59
8.91797e-60
1.26292e-58
7.79931e-58
2.51645e-57
3.65591e-57
1.07007e-56
9.62506e-56
3.67493e-55
7.99903e-55
1.01228e-55
7.71149e-54
3.86626e-53
1.11994e-52
1.70178e-52
2.27674e-52
2.61201e-51
1.02162e-50
2.49464e-50
2.9071e-50
7.16338e-50
5.56552e-49
1.93851e-48
4.38534e-48
4.92438e-48
1.03387e-47
7.98892e-47
2.72249e-46
6.20591e-46
8.22524e-46
5.70681e-46
7.60026e-45
2.78912e-44
6.82716e-44
1.12119e-43
5.56402e-44
4.15455e-43
1.96157e-42
5.46883e-42
1.09164e-41
1.37571e-41
2.97946e-42
8.05169e-41
2.9081e-40
7.06363e-40
1.26367e-39
1.41016e-39
5.56351e-40
8.3205e-39
2.7732e-38
6.40941e-38
1.12201e-37
1.33079e-37
1.35772e-38
4.82011e-37
1.72483e-36
4.0909e-36
7.49075e-36
1.02978e-35
7.49833e-36
1.16464e-35
6.49681e-35
1.74206e-34
3.50781e-34
5.61641e-34
6.675e-34
3.36366e-34
1.03735e-33
4.32699e-33
1.04275e-32
1.9542e-32
2.97581e-32
3.48047e-32
2.13164e-32
3.32152e-32
1.59296e-31
5.58211e-31
1.27844e-30
2.04567e-30
2.22737e-30
1.43115e-30
7.64499e-32
9.77257e-31
1.28229e-30
1.02887e-30
6.21538e-31
3.06035e-31
1.28814e-31
4.80182e-32
1.63171e-32
5.17794e-33
1.56409e-33
4.55015e-34
1.27061e-34
3.25863e-35
6.08758e-36
9.90522e-37
2.67438e-36
2.98757e-36
3.0885e-36
3.33383e-36
3.87294e-36
4.78457e-36
5.94259e-36
6.38139e-36
2.6147e-36
1.41181e-35
5.83109e-35
1.39825e-34
2.41018e-34
3.0842e-34
2.91689e-34
1.97784e-34
8.642e-35
1.10196e-35
1.80191e-35
1.91682e-35
1.19766e-35
5.78627e-36
2.36694e-36
8.62773e-37
2.90778e-37
9.3386e-38
2.93328e-38
9.21742e-39
2.9531e-39
9.7791e-40
3.36152e-40
1.17994e-40
3.90806e-41
7.65602e-42
7.45405e-42
1.79252e-41
2.92704e-41
4.54565e-41
7.01948e-41
1.05239e-40
1.436e-40
1.57847e-40
9.66918e-41
8.32348e-41
3.52746e-40
5.89235e-40
6.6521e-40
5.62469e-40
3.72503e-40
1.98978e-40
8.77923e-41
3.26623e-41
1.04259e-41
2.89004e-42
6.96506e-43
1.42052e-43
2.14346e-44
3.04476e-46
1.6812e-45
1.06489e-45
5.26842e-46
2.49411e-46
1.21618e-46
6.35531e-47
3.64546e-47
2.32475e-47
1.64983e-47
1.2842e-47
1.05392e-47
8.30584e-48
4.59716e-48
2.82227e-48
1.65413e-47
3.75134e-47
6.17896e-47
7.96837e-47
8.14881e-47
6.61108e-47
4.24704e-47
2.15061e-47
8.45652e-48
2.45022e-48
4.11009e-49
5.16697e-50
7.81096e-50
4.07933e-50
1.61731e-50
5.60017e-51
1.80476e-51
5.6397e-52
1.76358e-52
5.66594e-53
1.913e-53
6.91927e-54
2.72192e-54
1.17569e-54
5.57999e-55
2.8673e-55
1.5193e-55
7.07063e-56
4.8089e-57
6.86782e-56
1.66728e-55
2.98191e-55
4.52373e-55
5.87947e-55
6.43716e-55
5.81087e-55
4.23748e-55
2.4438e-55
1.07843e-55
3.34205e-56
4.64499e-57
2.17877e-57
2.10147e-57
1.06253e-57
4.17255e-58
1.41398e-58
4.36535e-59
1.27479e-59
3.62937e-60
1.03419e-60
3.01994e-61
9.23179e-62
3.01095e-62
1.06467e-62
4.13062e-63
1.76879e-63
8.32753e-64
4.21837e-64
2.16061e-64
9.05771e-65
1.05237e-65
1.17076e-64
2.44851e-64
3.9274e-64
5.34896e-64
6.23455e-64
6.15003e-64
5.07153e-64
3.46798e-64
1.96088e-64
9.18162e-65
3.57434e-65
1.16086e-65
3.1379e-66
6.91136e-67
1.13467e-67
7.59342e-69
3.87018e-69
2.39453e-69
9.40833e-70
3.21824e-70
1.05355e-70
3.47031e-71
1.19024e-71
4.36428e-72
1.74738e-72
7.76674e-73
3.87682e-73
2.18531e-73
1.3884e-73
9.83107e-74
7.58466e-74
6.14682e-74
4.9547e-74
3.64763e-74
2.05653e-74
2.90254e-75
1.26144e-74
2.15537e-74
2.23282e-74
1.73381e-74
1.07324e-74
5.46676e-75
2.34626e-75
8.66791e-76
2.81455e-76
8.20209e-77
2.19056e-77
5.47512e-78
1.30757e-78
3.04556e-79
7.05796e-80
1.65903e-80
4.02768e-81
1.02663e-81
2.78577e-82
8.12562e-83
2.5544e-83
8.56043e-84
2.93034e-84
8.78175e-85
3.09437e-86
3.93445e-85
6.73064e-85
9.08734e-85
1.12345e-84
1.29237e-84
1.36207e-84
1.28477e-84
1.06095e-84
7.54449e-85
4.57571e-85
2.36032e-85
1.03878e-85
3.93119e-86
1.29395e-86
3.75599e-87
9.76439e-88
2.3106e-88
5.05851e-89
1.0405e-89
2.03796e-90
3.83574e-91
6.93683e-92
1.17768e-92
1.69199e-93
9.02193e-95
9.01911e-95
7.11347e-95
4.2936e-95
2.56207e-95
1.62341e-95
1.12175e-95
8.50197e-96
7.00933e-96
6.16295e-96
0

