0
3.21604e-97
6.77396e-96
2.0086e-95
-2.0173e-93
-4.69212e-92
-2.46007e-91
1.02018e-89
2.65592e-88
1.87472e-87
-4.11053e-86
-1.23015e-84
-1.05339e-83
1.2903e-82
4.66438e-81
4.60189e-80
-3.00144e-79
-1.44728e-77
-1.60015e-76
4.43057e-76
3.67009e-74
4.48334e-73
-6.19726e-74
-7.58799e-71
-1.01938e-69
-1.83323e-69
1.27395e-67
1.88893e-66
6.20051e-66
-1.72534e-64
-2.86e-63
-1.27638e-62
1.86348e-61
3.54315e-60
1.9269e-59
-1.57103e-58
-3.59339e-57
-2.2569e-56
9.86126e-56
2.98237e-54
2.10179e-53
-3.99795e-53
-2.02318e-51
-1.57627e-50
2.82288e-51
1.11922e-48
9.58989e-48
1.04141e-47
-5.0293e-46
-4.75396e-45
-9.76054e-45
1.82398e-43
1.92536e-42
5.43057e-42
-5.28042e-41
-6.37994e-40
-2.20311e-39
1.19542e-38
1.73065e-37
6.91886e-37
-2.02384e-36
-3.84206e-35
-1.72578e-34
2.24849e-34
6.97237e-33
3.46449e-32
-6.02927e-33
-1.03201e-30
-5.64002e-30
-3.67979e-30
1.24117e-28
7.47975e-28
9.59523e-28
-1.20538e-26
-8.1031e-26
-1.44385e-25
9.35262e-25
7.18189e-24
1.57441e-23
-5.68471e-23
-5.21084e-22
-1.32588e-21
2.59469e-21
3.09428e-20
8.85827e-20
-7.8842e-20
-1.50216e-18
-4.76023e-18
7.15653e-19
5.94889e-17
2.07365e-16
8.08098e-17
-1.91483e-15
-7.35715e-15
-5.8903e-15
4.97942e-14
2.13199e-13
2.39885e-13
-1.03543e-12
-5.05424e-12
-7.03238e-12
1.68948e-11
9.8085e-11
1.58824e-10
-2.07814e-10
-1.55793e-09
-2.84236e-09
1.72407e-09
2.02321e-08
4.08879e-08
-4.97886e-09
-2.14374e-07
-4.76624e-07
-1.10178e-07
1.84673e-06
4.52402e-06
2.25779e-06
-1.28586e-05
-3.50683e-05
-2.49044e-05
7.16531e-05
0.000222366
0.000196328
-0.000313805
-0.00115423
-0.00118924
0.00103984
0.00490377
0.00570128
-0.0023517
-0.0170355
-0.0219554
0.00207896
0.0482938
0.0684862
0.00931399
-0.111339
-0.173912
-0.0540319
0.207569
0.36061
0.16156
-0.30994
-0.611613
-0.342574
0.36428
0.849135
0.556624
-0.325067
-0.964951
-0.714876
0.200138
0.896725
0.736995
-0.052765
-0.680136
-0.6152
-0.0487335
0.419632
0.417953
0.080722
-0.209456
-0.231822
-0.0654879
0.0838013
0.105167
0.0373607
-0.0264293
-0.0390532
-0.0162852
0.00634911
0.0118706
0.00560341
-0.00106286
-0.0029509
-0.00154655
8.20181e-05
0.000598804
0.000345474
1.57449e-05
-9.88701e-05
-6.27936e-05
-7.52759e-06
1.32125e-05
9.31677e-06
1.65862e-06
-1.41631e-06
-1.13052e-06
-2.54659e-07
1.19843e-07
1.12288e-07
2.97824e-08
-7.74815e-09
-9.12928e-09
-2.74558e-09
3.52275e-10
6.07071e-10
2.02881e-10
-7.84606e-12
-3.29579e-11
-1.21283e-11
-3.13057e-13
1.45626e-12
5.89785e-13
4.3811e-14
-5.20998e-14
-2.34083e-14
-2.62471e-15
1.49623e-15
7.59752e-16
1.08488e-16
-3.39646e-17
-2.01837e-17
-3.40455e-18
5.90804e-19
4.38928e-19
8.40965e-20
-7.28804e-21
-7.80757e-21
-1.66378e-21
4.63464e-23
1.13402e-22
2.66176e-23
3.81207e-25
-1.34087e-24
-3.46308e-25
-1.59113e-26
1.28425e-26
3.67679e-27
2.59505e-28
-9.8805e-29
-3.19198e-29
-2.88855e-30
6.01626e-31
2.26813e-31
2.43271e-32
-2.81488e-33
-1.3193e-33
-1.6102e-34
9.41272e-36
6.27745e-36
8.52948e-37
-1.69447e-38
-2.4393e-38
-3.65193e-39
-2.82143e-41
7.71818e-41
1.27122e-41
3.60535e-43
-1.97893e-43
-3.61044e-44
-1.60298e-45
4.07848e-46
8.38387e-47
4.80669e-48
-6.6607e-49
-1.59341e-49
-1.08655e-50
8.38028e-52
2.47907e-52
1.92726e-53
-7.58999e-55
-3.15531e-55
-2.73353e-56
3.8412e-58
3.28018e-58
3.13228e-59
1.25326e-61
-2.77729e-61
-2.91723e-62
-5.0959e-64
1.90622e-64
2.21638e-65
6.186e-67
-1.05235e-67
-1.37665e-68
-4.9989e-70
4.60903e-71
6.99816e-72
3.03344e-73
-1.55902e-74
-2.91224e-75
-1.44197e-76
3.82147e-78
9.915e-79
5.47646e-80
-5.40618e-82
-2.75751e-82
-1.6795e-83
-3.26252e-86
6.2475e-86
4.18513e-87
4.49184e-89
-1.14785e-89
-8.50595e-91
-1.49133e-92
1.69732e-93
1.41318e-94
3.24908e-96
-1.99343e-97
-1.92148e-98
-5.29351e-100
1.81237e-101
2.13875e-102
6.74419e-104
-1.20149e-105
-1.94776e-106
-6.85879e-108
4.72884e-110
1.44918e-110
5.6297e-112
4.71854e-115
-8.78558e-115
-3.7535e-116
-2.46854e-118
4.32077e-119
2.04077e-120
2.24596e-122
-1.71126e-123
-9.06914e-125
-1.31976e-126
5.38884e-128
3.29824e-129
5.77394e-131
-1.3166e-132
-9.81946e-134
-1.97176e-135
2.3591e-137
2.39204e-138
5.36991e-140
-2.57286e-142
-4.76121e-143
-1.1797e-144
-3.1963e-148
7.72352e-148
2.10452e-149
8.45532e-152
-1.01673e-152
-3.06096e-154
-2.11286e-156
1.07848e-157
3.63856e-159
3.35024e-161
-9.10537e-163
-3.53936e-164
-3.93658e-166
5.97699e-168
2.81845e-169
3.60357e-171
-2.89293e-173
-1.83652e-174
-2.6282e-176
8.71285e-179
9.7791e-180
1.54539e-181
-9.26723e-188
-4.24464e-185
-7.37662e-187
-1.8044e-189
1.49562e-190
2.87021e-192
1.24154e-194
-4.24873e-196
-9.12616e-198
-5.31486e-200
9.61638e-202
2.37445e-203
1.67757e-205
-1.69567e-207
-5.0574e-209
-4.11681e-211
2.21576e-213
8.81484e-215
8.04115e-217
-1.83748e-219
-1.25565e-220
-1.26558e-222
1.44837e-226
1.4583e-226
1.61641e-228
2.39801e-231
-1.37533e-232
-1.68253e-234
-4.5566e-237
1.0463e-238
1.43101e-240
5.26911e-243
-6.34805e-245
-9.95853e-247
-4.46839e-249
3.00632e-251
5.67334e-253
2.93994e-255
-1.06005e-257
-2.645e-259
-1.53797e-261
2.41434e-264
1.00792e-265
6.47916e-268
-9.59042e-272
-3.13211e-272
-2.21428e-274
-1.98359e-277
7.90608e-279
6.166e-281
1.04445e-283
-1.61067e-285
-1.40278e-287
-3.2644e-290
2.6193e-292
2.6111e-294
7.43929e-297
-3.33099e-299
-3.97873e-301
-1.31239e-303
3.1679e-306
4.96169e-308
1.83885e-310
-1.97719e-313
-5.05796e-315
-2.07362e-317
2.97922e-321
4.19956e-322
0
0
-0
-0
-0
0
0
0
-0
-0
-0
0
0
0
-0
-0
-0
0
0
0
-0
-0
-0
-0
0
0
0
-0
-0
-0
0
0
0
-0
-0
-0
0
0
0
-0
-0
-0
0
0
0
0
-0
-0
-0
0
0
0
-0
-0
-0
0
0
0
-0
-0
-0
0
0
0
-0
-0
-0
-0
0
0
0
-0
-0
-0
0
0
0

