0
0
0
0
0
0
0
0
0
0
0
0
0
0
0
0
0
0
0
0
0
0
0
0
0
0
0
0
0
0
0
0
0
0
0
0
0
0
0
0
0
0
0
0
0
0
0
0
0
0
0
0
0
0
0
0
0
0
0
0
0
0
0
0
0
0
0
0
0
0
0
0
0
0
0
0
0
0
0
0
0
0
0
0
0
0
0
0
0
0
0
0
0
0
0
0
0
0
0
0
0
0
0
0
0
0
0
0
0
0
0
0
0
0
0
0
0
0
0
0
0
0
0
0
0
0
0
0
0
0
0
0
0
0
0
0
0
0
0
0
0
0
0
0
0
0
0
0
0
0
0
0
0
0
0
0
0
0
0
0
0
0
0
0
0
0
0
0
0
0
0
0
0
0
0
0
0
0
0
0
0
0
0
0
0
0
0
0
0
0
0
0
0
0
0
0
0
0
0
0
0
0
0
0
0
0
0
0
0
0
0
0
0
0
0
0
0
0
0
0
0
0
0
0
0
0
0
0
0
0
0
0
0
0
0
0
0
0
0
0
0
0
0
0
0
0
0
0
0
0
0
-0.460133
-0.342122
-0.150671
0.106587
0.419395
0.775284
1.16007
1.5584
1.9544
2.33229
2.677
2.97479
3.21378
3.38444
3.47998
3.49659
3.4336
3.29352
3.08194
2.80729
2.48052
2.11467
1.72431
1.325
0.932676
0.562967
0.230614
-0.0511318
-0.271039
-0.420341
-0.493084
-0.48637
-0.400465
-0.238795
-0.00780451
0.283297
0.622905
0.99748
1.39209
1.791
2.17831
2.53858
2.85744
3.12219
3.32226
3.44969
3.49939
3.46938
3.36085
3.17814
2.92853
2.62197
2.27068
1.88866
1.49115
1.09399
0.713018
0.363421
0.059135
-0.187708
-0.367267
-0.472385
-0.498869
-0.445665
-0.314894
-0.111768
0.155614
0.476592
0.83837
1.22653
1.62558
2.01963
2.39297
2.7307
3.01938
3.24747
3.40591
3.48836
3.49154
3.41532
3.26274
3.0399
2.75566
2.42136
2.05033
1.65736
1.25811
0.868512
0.504088
0.179367
-0.0927049
-0.30128
-0.438044
-0.497545
-0.477409
-0.378441
-0.204585
0.0372278
0.337356
0.683836
1.06285
1.4593
1.85737
2.24119
2.59546
2.90606
3.1606
3.34894
3.46357
3.49992
3.45654
3.33516
3.14061
2.88066
2.56567
2.20819
1.82248
1.42391
1.02837
0.651642
0.308731
0.0133129
-0.222836
-0.390301
-0.482406
-0.495478
-0.428997
-0.285613
-0.071042
0.206161
0.534946
0.902204
1.29329
1.69263
2.08428
2.45264
2.78302
3.06225
3.27919
3.42521
3.49448
3.48423
3.39488
3.22998
2.99612
2.7026
2.36115
1.98537
1.59023
1.1915
0.805063
0.446335
0.129612
-0.132477
-0.329485
-0.453557
-0.499746
-0.466213
-0.354292
-0.168447
0.0839143
0.39273
0.745689
1.12872
1.52655
1.92333
2.30323
2.6511
2.95309
3.19714
3.37354
3.47524
3.4982
3.44149
3.30738
3.10122
2.83123
2.50816
2.1449
1.75593
1.35675
0.963291
0.591225
0.255389
-0.0308281
-0.256016
-0.411197
-0.490185
-0.48983
-0.410147
-0.254313
-0.0285394
0.258172
0.594391
0.966714
1.3603
1.75945
2.14826
2.51123
2.83388
3.10335
3.3089
3.44234
3.49834
3.47468
3.37229
3.19526
2.95064
2.64819
2.29997
1.91986
1.523
1.12523
0.7424
0.389773
0.0814077
-0.170403
-0.35562
-0.46686
-0.499687
-0.452792
-0.328046
-0.130422
0.132202
0.449356
0.808396
1.19501
1.59378
1.98881
2.36436
2.70544
2.99847
3.23176
3.39601
3.48467
3.49421
3.42425
3.27757
3.06003
2.78029
2.44951
2.08088
1.68909
1.28976
0.898815
0.531836
0.203454
-0.073238
-0.28721

