9.13628e-192
1.01514e-192
1.12794e-193
1.25326e-194
1.39251e-195
1.54724e-196
1.71915e-197
1.91017e-198
2.12241e-199
2.35823e-200
2.62026e-201
2.9114e-202
3.23489e-203
3.59432e-204
3.99369e-205
4.43743e-206
4.93048e-207
5.47831e-208
6.08701e-209
6.76335e-210
7.51482e-211
8.34978e-212
9.27747e-213
1.03081e-213
1.14526e-214
1.27226e-215
1.41278e-216
1.56693e-217
1.73163e-218
1.89281e-219
2.00023e-220
1.89118e-221
1.11408e-222
8.82288e-224
3.6588e-224
1.36592e-223
1.76416e-223
1.90411e-223
1.95156e-223
1.96747e-223
1.97278e-223
1.97455e-223
1.97514e-223
1.97534e-223
1.97541e-223
1.97543e-223
1.97544e-223
1.97544e-223
1.97544e-223
1.97544e-223
1.97544e-223
1.97544e-223
1.97544e-223
1.97544e-223
1.97544e-223
1.97544e-223
1.97544e-223
1.97544e-223
1.97544e-223
1.97544e-223
1.97544e-223
1.97547e-223
1.97558e-223
1.97561e-223
1.9694e-223
1.90067e-223
1.49439e-223
8.95373e-224
7.55946e-222
1.43657e-220
2.04635e-218
9.29827e-218
3.73948e-215
8.25017e-214
4.96623e-212
2.22487e-210
3.68211e-209
3.90822e-207
1.92289e-206
4.78261e-204
1.10124e-202
3.6616e-201
1.89483e-199
4.79057e-199
2.00127e-196
3.14163e-195
1.26169e-193
4.98693e-192
1.49182e-191
4.17957e-189
6.31185e-188
1.85398e-186
7.54171e-185
1.28424e-184
4.40968e-182
8.42024e-181
1.00597e-179
6.21606e-178
5.5226e-177
2.07587e-175
6.06691e-174
1.01046e-173
2.39488e-171
4.37846e-170
2.03551e-169
1.94907e-167
2.44507e-166
2.64556e-165
1.21386e-163
1.10738e-162
1.85596e-161
6.04633e-160
4.31816e-159
9.14419e-158
2.47529e-156
1.54752e-155
3.38235e-154
8.45095e-153
5.27623e-152
9.52076e-151
2.4126e-149
1.67204e-148
1.98545e-147
5.7088e-146
4.6574e-145
2.73778e-144
1.09712e-142
1.08377e-141
1.14728e-141
1.65158e-139
2.03145e-138
5.41702e-138
1.81031e-136
2.97386e-135
1.70493e-134
1.14959e-133
3.26254e-132
2.85014e-131
2.38529e-131
2.45711e-129
3.1774e-128
1.57517e-127
9.03424e-127
2.37928e-125
2.01967e-124
4.45456e-124
1.02956e-122
1.48522e-121
9.20889e-121
8.00924e-122
6.23298e-119
6.69062e-118
3.26505e-117
5.95138e-117
2.54549e-115
2.31005e-114
9.74119e-114
2.4397e-113
7.53339e-112
6.31379e-111
2.57358e-110
4.73098e-110
1.64839e-108
1.3769e-107
5.96922e-107
1.79209e-107
2.62174e-105
2.36142e-104
1.15249e-103
1.57681e-103
2.81057e-102
3.07515e-101
1.74565e-100
4.90974e-100
1.48049e-99
2.84811e-98
1.96742e-97
7.97235e-97
8.5243e-97
1.59162e-95
1.54801e-94
8.25242e-94
2.52991e-93
1.23627e-93
7.39912e-92
5.50665e-91
2.50116e-90
6.33107e-90
9.0568e-90
2.1061e-88
1.38384e-87
5.80306e-87
1.39541e-86
1.6162e-86
3.94907e-85
2.52452e-84
1.04883e-83
2.72323e-83
4.44099e-85
4.79855e-82
3.31108e-81
1.44647e-80
4.29955e-80
5.3951e-80
3.23077e-79
2.96902e-78
1.45192e-77
5.00753e-77
1.10977e-76
5.01693e-78
1.57931e-75
9.84488e-75
4.01713e-74
1.19104e-73
2.14028e-73
1.97102e-73
3.8248e-72
2.04878e-71
7.62508e-71
2.10981e-70
3.64341e-70
2.42867e-70
5.3804e-69
2.80709e-68
1.02189e-67
2.83861e-67
5.46189e-67
1.97921e-67
4.24153e-66
2.49834e-65
9.51091e-65
2.79447e-64
6.25516e-64
8.18061e-64
1.17565e-63
1.31361e-62
5.7939e-62
1.88292e-61
4.86983e-61
9.55321e-61
9.66156e-61
2.56483e-60
2.00125e-59
7.9096e-59
2.38686e-58
5.8454e-58
1.11581e-57
1.24648e-57
1.7493e-57
1.66413e-56
1.06167e-55
4.09292e-55
1.04683e-54
1.7474e-54
1.68673e-54
2.75444e-55
1.87665e-54
3.41695e-54
3.61736e-54
2.82052e-54
1.76864e-54
9.40458e-55
4.41305e-55
1.88936e-55
7.59892e-56
2.9462e-56
1.1257e-56
4.30917e-57
1.66242e-57
6.33607e-58
2.13423e-58
2.08961e-59
9.57849e-59
2.1235e-58
3.99207e-58
7.86438e-58
1.68767e-57
3.84648e-57
8.51121e-57
1.42394e-56
4.80822e-57
1.79223e-55
8.95214e-55
2.77195e-54
5.96633e-54
9.16816e-54
1.01057e-53
7.85974e-54
3.9721e-54
7.37129e-55
8.1989e-55
1.0687e-54
7.76997e-55
4.38513e-55
2.12672e-55
9.37707e-56
3.9148e-56
1.60011e-56
6.59313e-57
2.81114e-57
1.26924e-57
6.1853e-58
3.29484e-58
1.91931e-58
1.18841e-58
6.8975e-59
1.13943e-59
1.05718e-58
4.20498e-58
1.33629e-57
3.95346e-57
1.06952e-56
2.45575e-56
4.19381e-56
3.60617e-56
4.81323e-56
2.46405e-55
4.99622e-55
6.68099e-55
6.58267e-55
5.04435e-55
3.12251e-55
1.61133e-55
7.12973e-56
2.7755e-56
9.72968e-57
3.13387e-57
9.41452e-58
2.65088e-58
6.85799e-59
1.46307e-59
9.21045e-61
2.01814e-60
2.3223e-60
2.13866e-60
2.00314e-60
2.05633e-60
2.38683e-60
3.15583e-60
4.68661e-60
7.51083e-60
1.1999e-59
1.60845e-59
7.57859e-60
5.09781e-59
2.29522e-58
5.86212e-58
1.06274e-57
1.44268e-57
1.50374e-57
1.22706e-57
7.98541e-58
4.21966e-58
1.83987e-58
6.69399e-59
2.03083e-59
4.9654e-60
8.20837e-61
3.38719e-62
1.14757e-61
7.33719e-62
3.76177e-62
1.83073e-62
9.0752e-63
4.78411e-63
2.76664e-63
1.79665e-63
1.33177e-63
1.1359e-63
1.11113e-63
1.22188e-63
1.44055e-63
1.63783e-63
1.27151e-63
1.33483e-63
9.98844e-63
3.03458e-62
6.54133e-62
1.07649e-61
1.37763e-61
1.38421e-61
1.10336e-61
7.06569e-62
3.68656e-62
1.58875e-62
5.71401e-63
1.71667e-63
4.20045e-64
7.3829e-65
1.94621e-66
6.24592e-66
4.12389e-66
2.0252e-66
9.19303e-67
4.17909e-67
1.99294e-67
1.03034e-67
5.92186e-68
3.85563e-68
2.87814e-68
2.47185e-68
2.42297e-68
2.64626e-68
3.0688e-68
3.44493e-68
2.96595e-68
3.28767e-69
9.67941e-68
2.7727e-67
5.2249e-67
7.38038e-67
8.10836e-67
7.06428e-67
4.9633e-67
2.86214e-67
1.38051e-67
5.68082e-68
2.03481e-68
6.46974e-69
1.85955e-69
4.90602e-70
1.19936e-70
2.70659e-71
5.41247e-72
7.80541e-73
6.26792e-74
1.4555e-73
1.09957e-73
7.41196e-74
5.15983e-74
3.92647e-74
3.35687e-74
3.25846e-74
3.57794e-74
4.3641e-74
5.71772e-74
7.65782e-74
9.80943e-74
1.09749e-73
9.14857e-74
2.83326e-74
6.77838e-74
1.54479e-73
1.89963e-73
1.67862e-73
1.15566e-73
6.46917e-74
3.03829e-74
1.23024e-74
4.40512e-75
1.4293e-75
4.30303e-76
1.23004e-76
3.414e-77
9.40012e-78
2.62027e-78
7.53296e-79
2.26921e-79
7.24323e-80
2.45568e-80
8.69269e-81
2.98258e-81
6.67185e-82
5.01282e-82
1.37125e-81
2.36972e-81
3.84358e-81
6.17556e-81
9.72645e-81
1.45223e-80
1.97263e-80
2.34157e-80
2.34618e-80
1.92978e-80
1.27277e-80
6.55322e-81
2.49847e-81
5.85349e-82
2.75222e-83
1.14021e-82
7.29335e-83
3.29463e-83
1.24413e-83
4.21287e-84
1.33662e-84
4.10936e-85
1.25992e-85
3.95268e-86
1.29921e-86
4.5721e-87
1.75666e-87
7.49405e-88
3.59703e-88
1.95838e-88
1.21045e-88
8.4117e-89
6.40502e-89
5.06545e-89
3.69124e-89
0

