9.13628e-192
1.01514e-192
1.12794e-193
1.25326e-194
1.39251e-195
1.54724e-196
1.71915e-197
1.91017e-198
2.12241e-199
2.35823e-200
2.62026e-201
2.9114e-202
3.23489e-203
3.59432e-204
3.99357e-205
4.43152e-206
4.92862e-207
1.49233e-207
1.42221e-205
2.94573e-204
5.16779e-201
4.6285e-199
1.11461e-196
2.42604e-194
6.51729e-193
6.5291e-190
4.15636e-188
1.02882e-185
1.61759e-183
6.40458e-182
3.15978e-179
1.16676e-177
3.77155e-175
3.89273e-173
2.34298e-171
5.76796e-169
6.18128e-168
5.3479e-165
3.16911e-163
3.04699e-161
3.82797e-159
6.07134e-158
2.8238e-155
6.92092e-154
1.39004e-151
8.49334e-150
4.19027e-148
5.23854e-146
2.72068e-145
2.17313e-142
4.71019e-141
6.33118e-139
3.00633e-137
1.21569e-135
1.08962e-133
9.54255e-133
2.78724e-130
2.83588e-129
5.28904e-127
1.38124e-125
7.40648e-124
3.33427e-122
7.08492e-121
5.67659e-119
2.93908e-118
7.402e-116
4.06887e-115
7.62422e-113
1.08039e-111
6.27266e-110
1.4211e-108
4.11242e-107
1.3468e-105
2.10531e-104
1.00526e-102
7.8955e-102
6.13885e-100
1.66466e-99
3.13425e-97
2.88697e-97
1.35799e-94
4.83298e-94
5.05229e-92
2.75455e-91
1.63036e-89
1.09544e-88
4.60402e-87
3.41207e-86
1.14635e-84
8.66038e-84
2.53107e-82
1.81817e-81
4.97172e-80
3.16104e-79
8.69131e-78
4.49351e-77
1.34868e-75
5.02672e-75
1.84781e-73
3.93292e-73
2.21784e-71
9.80102e-72
2.30781e-69
3.03162e-69
2.05283e-67
6.54507e-67
1.52869e-65
8.17696e-65
9.18761e-64
7.58025e-63
4.09965e-62
5.5211e-61
9.79558e-61
3.19236e-59
3.15355e-59
1.43859e-57
5.19628e-57
4.73058e-56
3.36778e-55
8.76805e-55
1.45466e-53
1.08225e-53
4.38827e-52
1.58011e-51
8.18834e-51
6.70731e-50
1.88651e-50
1.71581e-48
4.58424e-48
2.48524e-47
1.7068e-46
2.86042e-48
3.27144e-45
9.76181e-45
2.79874e-44
2.45219e-43
2.86259e-43
2.84905e-42
1.25839e-41
1.80812e-42
1.70503e-40
4.81799e-40
6.2093e-40
7.35237e-39
1.47986e-38
3.38188e-38
2.47621e-37
3.95437e-37
1.13895e-36
6.79614e-36
9.90075e-36
2.70277e-35
1.54781e-34
2.36884e-34
4.48936e-34
2.91328e-33
5.16661e-33
4.34762e-33
4.41209e-32
9.58914e-32
9.36547e-33
5.06864e-31
1.42751e-30
1.23756e-30
3.79783e-30
1.61076e-29
2.50872e-29
6.27332e-30
1.25627e-28
3.01156e-28
2.68634e-28
4.95901e-28
2.29506e-27
4.00085e-27
1.87717e-27
9.20044e-27
2.92789e-26
4.24411e-26
1.14717e-26
1.02854e-25
2.84253e-25
3.86602e-25
1.22506e-25
7.7195e-25
2.15397e-24
3.05129e-24
1.6629e-24
3.67389e-24
1.24568e-23
1.98918e-23
1.67716e-23
6.39706e-24
5.07194e-23
9.93963e-23
1.1512e-22
5.26132e-23
1.11669e-22
3.43146e-22
5.2927e-22
5.02712e-22
1.1932e-22
6.2927e-22
1.52401e-21
2.11943e-21
1.88546e-21
4.72646e-22
1.99918e-21
4.78522e-21
6.63404e-21
6.22022e-21
2.77506e-21
3.34222e-21
1.04346e-20
1.58224e-20
1.67419e-20
1.15055e-20
4.62735e-22
1.36946e-20
2.65258e-20
3.32292e-20
3.03735e-20
1.73343e-20
3.1454e-21
2.55537e-20
4.3227e-20
5.04594e-20
4.43826e-20
2.59703e-20
1.77524e-22
2.71878e-20
4.79456e-20
5.71396e-20
5.26893e-20
3.61594e-20
1.21133e-20
1.33156e-20
3.41497e-20
4.60712e-20
4.73175e-20
3.88031e-20
2.35448e-20
5.64719e-21
1.08193e-20
2.27441e-20
2.85095e-20
2.80753e-20
2.26831e-20
1.43302e-20
5.18716e-21
2.89297e-21
1.18437e-20
1.84793e-20
1.96748e-20
1.54643e-20
9.03313e-21
3.77031e-21
9.40399e-22
4.16655e-23
1.85832e-22
1.15914e-22
4.94379e-23
1.70665e-23
5.10647e-24
1.38007e-24
3.47136e-25
8.31908e-26
1.93349e-26
4.40437e-27
9.81027e-28
2.06541e-28
3.5239e-29
7.72778e-32
5.59856e-30
5.21244e-30
4.07466e-30
3.13664e-30
2.45605e-30
1.93136e-30
1.45229e-30
9.33556e-31
3.43467e-31
2.62942e-31
7.47391e-31
9.68757e-31
8.96628e-31
6.41839e-31
3.65185e-31
1.67379e-31
6.22599e-32
1.88004e-32
4.53435e-33
8.14448e-34
7.35903e-35
1.82511e-35
1.2886e-35
4.84704e-36
1.50042e-36
4.26227e-37
1.17214e-37
3.23161e-38
9.16872e-39
2.73214e-39
8.6821e-40
2.96979e-40
1.09465e-40
4.29418e-41
1.72321e-41
6.28445e-42
1.05185e-42
1.8001e-42
3.51998e-42
4.51172e-42
4.82916e-42
4.46275e-42
3.5398e-42
2.37353e-42
1.32365e-42
6.03871e-43
2.20555e-43
6.17115e-44
1.14605e-44
2.41508e-46
8.74728e-46
4.60614e-46
1.63395e-46
4.80701e-47
1.26546e-47
3.11519e-48
7.4052e-49
1.74522e-49
4.17212e-50
1.03239e-50
2.69143e-51
7.50237e-52
2.2609e-52
7.40899e-53
2.63483e-53
1.00177e-53
3.91066e-54
1.40301e-54
2.67003e-55
2.96619e-55
5.84872e-55
7.05848e-55
7.00124e-55
5.97427e-55
4.40015e-55
2.78125e-55
1.50096e-55
6.90537e-56
2.71551e-56
9.18692e-57
2.69927e-57
6.96748e-58
1.60003e-58
3.31021e-59
6.23837e-60
1.07856e-60
1.70657e-61
2.40393e-62
2.67253e-63
7.00754e-65
9.7754e-65
5.07313e-65
2.02799e-65
7.80901e-66
3.10706e-66
1.31536e-66
5.95999e-67
2.82902e-67
1.29647e-67
3.96133e-68
2.88714e-68
9.5728e-68
1.6917e-67
2.46084e-67
3.10688e-67
3.39795e-67
3.1791e-67
2.51684e-67
1.67704e-67
9.41231e-68
4.47733e-68
1.82436e-68
6.4562e-69
2.01662e-69
5.6586e-70
1.45306e-70
3.48006e-71
7.92232e-72
1.74645e-72
3.79504e-73
8.26305e-74
1.82829e-74
4.15355e-75
9.72668e-76
2.32916e-76
5.51722e-77
1.17128e-77
1.55686e-78
2.97901e-81
9.48115e-79
3.11325e-78
6.67076e-78
1.24017e-77
2.13147e-77
3.3957e-77
4.91836e-77
6.3128e-77
7.01205e-77
6.62321e-77
5.26755e-77
3.51935e-77
1.98365e-77
9.52187e-78
3.945e-78
1.4338e-78
4.65538e-79
1.377e-79
3.78688e-80
9.88735e-81
2.50334e-81
6.27806e-82
1.59283e-82
4.17456e-83
1.15344e-83
3.42644e-84
1.11481e-84
4.04027e-85
1.65514e-85
7.75263e-86
4.1819e-86
2.60182e-86
1.85685e-86
1.49932e-86
1.33904e-86
1.28221e-86
1.26774e-86
1.24222e-86
1.15866e-86
9.92581e-87
7.59024e-87
5.0794e-87
2.94166e-87
1.46937e-87
6.3502e-88
2.39402e-88
7.96874e-89
2.377e-89
6.4619e-90
1.63039e-90
3.89153e-91
8.96164e-92
2.03124e-92
4.62313e-93
1.07784e-93
2.62486e-94
6.80479e-95
1.91206e-95
5.92094e-96
2.05049e-96
8.03706e-97
3.59511e-97
1.84166e-97
1.07761e-97
7.1318e-98
5.244e-98
4.17466e-98
3.48236e-98
2.93297e-98
2.40078e-98
1.84309e-98
1.28778e-98
8.00601e-99
4.36457e-99
2.07218e-99
8.56628e-100
3.09985e-100
9.91352e-101
2.83799e-101
7.38351e-102
1.77533e-102
4.01651e-103
8.7114e-104
1.84628e-104
3.89823e-105
8.35924e-106
1.8555e-106
4.34304e-107
1.09111e-107
2.99133e-108
9.08292e-109
3.09295e-109
1.19218e-109
5.22808e-110
2.60787e-110
1.46991e-110
9.23246e-111
6.3248e-111
0

