9.13628e-192
1.01514e-192
1.12794e-193
1.25326e-194
1.39251e-195
1.54724e-196
1.71915e-197
1.91017e-198
2.12241e-199
2.35823e-200
2.62026e-201
2.9114e-202
3.23489e-203
3.59432e-204
3.99369e-205
4.43743e-206
4.93048e-207
5.47831e-208
6.08701e-209
6.76335e-210
7.51482e-211
8.34978e-212
9.27747e-213
1.03081e-213
1.14526e-214
1.27226e-215
1.41278e-216
1.56693e-217
1.73163e-218
1.89281e-219
2.00023e-220
1.89118e-221
1.11408e-222
8.82288e-224
3.6588e-224
1.36592e-223
1.76416e-223
1.90411e-223
1.95156e-223
1.96747e-223
1.97278e-223
1.97455e-223
1.97514e-223
1.97534e-223
1.97541e-223
1.97543e-223
1.97544e-223
1.97544e-223
1.97544e-223
1.97544e-223
1.97544e-223
1.97544e-223
1.97544e-223
1.97544e-223
1.97544e-223
1.97544e-223
1.97544e-223
1.97544e-223
1.97544e-223
1.97544e-223
1.97544e-223
1.97544e-223
1.97544e-223
1.97544e-223
1.97544e-223
1.97544e-223
1.97544e-223
1.97544e-223
1.97544e-223
1.97544e-223
1.97544e-223
1.97544e-223
1.97544e-223
1.97544e-223
1.97544e-223
1.97544e-223
1.97544e-223
1.97544e-223
1.97544e-223
1.97544e-223
1.97544e-223
1.97544e-223
1.97544e-223
1.97544e-223
1.97544e-223
1.97544e-223
1.97544e-223
1.97544e-223
1.97544e-223
1.97544e-223
1.97544e-223
1.97544e-223
1.97544e-223
1.97544e-223
1.97543e-223
1.97542e-223
1.97544e-223
1.97586e-223
1.9794e-223
1.99923e-223
2.07962e-223
2.22373e-223
3.74443e-224
2.04998e-222
4.56023e-221
2.04116e-219
1.90869e-218
7.10388e-217
2.72046e-215
2.70124e-214
7.27513e-213
2.9683e-211
3.42015e-210
5.41347e-209
2.66702e-207
3.69103e-206
2.41531e-205
1.92529e-203
3.25947e-202
1.68694e-202
1.06934e-199
2.28838e-198
1.36515e-197
4.15125e-196
1.24102e-194
1.31829e-193
7.6158e-193
4.96343e-191
7.73167e-190
2.74258e-189
1.30605e-187
3.09396e-186
2.90146e-185
1.23198e-184
8.24326e-183
1.24961e-181
6.53845e-181
1.16939e-179
3.23818e-178
3.59774e-177
7.27814e-177
4.6481e-175
9.00851e-174
7.93166e-173
2.67747e-173
1.18738e-170
1.88961e-169
1.42763e-168
2.11016e-168
2.15068e-166
3.09205e-165
2.1942e-164
2.43985e-164
2.84642e-162
3.99598e-161
2.89667e-160
1.23151e-160
2.72905e-158
4.04856e-157
3.18398e-156
7.64307e-156
1.78299e-154
3.13289e-153
2.78376e-152
1.19792e-151
6.20108e-151
1.75901e-149
1.84815e-148
1.11391e-147
1.11842e-147
6.36281e-146
8.83179e-145
6.87094e-144
2.83848e-143
8.30393e-143
2.75641e-141
2.83655e-140
1.79035e-139
5.11602e-139
3.91352e-138
7.3254e-137
6.38874e-136
3.53406e-135
7.94866e-135
8.39911e-134
1.31432e-132
1.05613e-131
5.54016e-131
1.29278e-130
1.02268e-129
1.63582e-128
1.2984e-127
6.92e-127
2.01446e-126
6.14009e-126
1.38635e-124
1.1692e-123
6.65775e-123
2.4526e-122
1.02509e-122
7.30376e-121
7.38102e-120
4.6887e-119
2.10315e-118
5.21226e-118
1.53162e-117
2.96408e-116
2.26862e-115
1.21527e-114
4.61094e-114
7.95024e-114
5.3073e-113
6.74613e-112
4.51087e-111
2.1969e-110
7.68433e-110
1.21352e-109
7.99865e-109
9.50779e-108
6.05984e-107
2.85852e-106
1.00361e-105
1.97579e-105
5.30736e-105
8.31728e-104
5.49587e-103
2.65227e-102
9.88788e-102
2.54249e-101
8.4582e-102
4.05974e-100
3.21568e-99
1.68297e-98
6.86985e-98
2.16976e-97
4.26894e-97
5.00782e-97
1.05677e-95
6.75642e-95
3.13342e-94
1.1631e-93
3.37278e-93
6.04179e-93
7.88953e-93
1.41216e-91
8.47277e-91
3.74285e-90
1.34303e-89
3.87532e-89
7.74604e-89
1.34467e-88
3.3475e-87
2.06798e-86
7.41296e-86
1.74124e-85
2.81653e-85
3.22538e-85
2.63641e-85
1.48318e-85
4.49823e-86
1.22393e-86
2.92107e-86
2.59312e-86
1.745e-86
1.02576e-86
5.64265e-87
3.04435e-87
1.67275e-87
9.67076e-88
6.05573e-88
4.21229e-88
3.32051e-88
2.99829e-88
3.07323e-88
3.35726e-88
2.82182e-88
5.11573e-88
6.05558e-87
3.96092e-86
2.21929e-85
1.03935e-84
3.51996e-84
5.32326e-84
1.95674e-83
1.55749e-82
5.20666e-82
1.10404e-81
1.6474e-81
1.82778e-81
1.57002e-81
1.07996e-81
6.12558e-82
2.93672e-82
1.2119e-82
4.3306e-83
1.30686e-83
2.877e-84
2.6033e-86
6.21736e-85
6.07527e-85
4.89608e-85
3.93824e-85
3.4131e-85
3.33396e-85
3.78159e-85
5.06727e-85
8.03387e-85
1.4718e-84
2.89235e-84
4.8092e-84
2.32001e-84
9.38744e-83
6.70782e-82
3.20921e-81
1.10861e-80
2.75009e-80
4.79206e-80
5.60895e-80
3.78693e-80
3.67844e-82
3.30034e-80
4.60755e-80
4.06857e-80
2.77465e-80
1.58486e-80
7.97871e-81
3.68269e-81
1.6121e-81
6.90113e-82
2.97237e-82
1.32279e-82
6.23438e-83
3.18105e-83
1.78879e-83
1.1198e-83
7.75461e-84
5.64907e-84
3.39192e-84
2.00694e-84
2.077e-83
9.25796e-83
3.71791e-82
1.41125e-81
4.83165e-81
1.37369e-80
2.88785e-80
3.48819e-80
1.14372e-80
1.51298e-79
3.55989e-79
5.17973e-79
5.45757e-79
4.45957e-79
2.95707e-79
1.65027e-79
8.00541e-80
3.47742e-80
1.39094e-80
5.26033e-81
1.9283e-81
7.01124e-82
2.58049e-82
9.76655e-83
3.82672e-83
1.52902e-83
5.71249e-84
1.06751e-84
2.08497e-84
5.73739e-84
1.23907e-83
2.78099e-83
6.82476e-83
1.80986e-82
4.94287e-82
1.28737e-81
2.87162e-81
4.58349e-81
2.38805e-81
1.20642e-80
4.46376e-80
8.68423e-80
1.16621e-79
1.1749e-79
9.30833e-80
6.01204e-80
3.26685e-80
1.53771e-80
6.44605e-81
2.47114e-81
8.88601e-82
3.07039e-82
1.04263e-82
3.55026e-83
1.23193e-83
4.39294e-84
1.59463e-84
5.52927e-85
1.26216e-85
9.06355e-86
2.63498e-85
5.01059e-85
9.61118e-85
2.00949e-84
4.60364e-84
1.12103e-83
2.74578e-83
6.28685e-83
1.23195e-82
1.83823e-82
1.60999e-82
4.93238e-83
4.40654e-82
8.28419e-82
9.93731e-82
8.83636e-82
6.2141e-82
3.60631e-82
1.78753e-82
7.80267e-83
3.0861e-83
1.13642e-83
3.99907e-84
1.37913e-84
4.77528e-85
1.69895e-85
6.34643e-86
2.53759e-86
1.10297e-86
5.25533e-87
2.72811e-87
1.47726e-87
6.88213e-88
1.10403e-88
1.49195e-87
4.73099e-87
1.31908e-86
3.55385e-86
9.13737e-86
2.14807e-85
4.39404e-85
7.47742e-85
1.02145e-84
1.09002e-84
8.86047e-85
5.2682e-85
2.02568e-85
1.69355e-86
4.46077e-86
4.35955e-86
2.6768e-86
1.31563e-86
5.64242e-87
2.22147e-87
8.33929e-88
3.08213e-88
1.15431e-88
4.49938e-89
1.8716e-89
8.50458e-90
4.31251e-90
2.486e-90
1.65299e-90
1.27864e-90
1.15015e-90
1.18625e-90
1.35319e-90
1.57941e-90
1.54046e-90
9.01136e-92
5.82328e-90
2.19859e-89
5.46754e-89
1.02915e-88
1.5105e-88
1.7495e-88
1.61713e-88
1.20992e-88
7.45448e-89
3.85677e-89
1.71132e-89
6.6567e-90
2.3208e-90
7.41332e-91
2.21626e-91
6.32605e-92
1.75477e-92
4.79418e-93
1.29628e-93
3.41317e-94
8.03757e-95
9.38999e-96
9.5067e-96
1.45383e-95
1.66416e-95
1.93855e-95
2.47854e-95
3.55346e-95
5.68095e-95
9.87467e-95
0

