1.92195e-98
2.06499e-97
-3.10015e-96
-1.40909e-94
-1.74233e-93
1.38799e-92
8.45365e-91
1.17068e-89
-3.90592e-89
-4.14471e-87
-6.33987e-86
5.44434e-87
1.65663e-83
2.7867e-82
6.43842e-82
-5.37608e-80
-9.98376e-79
-4.14228e-78
1.40696e-76
2.92274e-75
1.64051e-74
-2.93509e-73
-7.00124e-72
-4.77787e-71
4.77482e-70
1.37293e-68
1.08076e-67
-5.77002e-67
-2.20322e-65
-1.94482e-64
4.46502e-64
2.88973e-62
2.81915e-61
-4.70457e-62
-3.09045e-59
-3.3157e-58
-4.63635e-58
2.68432e-56
3.17788e-55
8.25101e-55
-1.88128e-53
-2.48851e-52
-8.82949e-52
1.05198e-50
1.59442e-49
6.9097e-49
-4.59591e-48
-8.3629e-47
-4.19064e-46
1.4983e-45
3.58975e-44
2.01972e-43
-3.18069e-43
-1.25953e-41
-7.83677e-41
1.41202e-41
3.60413e-39
2.46631e-38
2.07739e-38
-8.37864e-37
-6.32371e-36
-1.02642e-35
1.57245e-34
1.32459e-33
2.96967e-33
-2.35673e-32
-2.27001e-31
-6.24583e-31
2.7646e-30
3.18463e-29
1.01572e-28
-2.43037e-28
-3.65648e-27
-1.31121e-26
1.41242e-26
3.43201e-25
1.36187e-24
-2.22566e-25
-2.62761e-23
-1.14686e-22
-5.78748e-23
1.63488e-21
7.86682e-21
7.97372e-21
-8.21592e-20
-4.40778e-19
-6.24149e-19
3.30017e-18
2.02045e-17
3.52877e-17
-1.03932e-16
-7.58151e-16
-1.53892e-15
2.46274e-15
2.32838e-14
5.3213e-14
-3.91095e-14
-5.84627e-13
-1.4795e-12
2.01424e-13
1.19758e-11
3.33393e-11
1.00158e-11
-1.99421e-10
-6.11812e-10
-3.86794e-10
2.68343e-09
9.16962e-09
8.19722e-09
-2.8886e-08
-1.12425e-07
-1.24611e-07
2.44187e-07
1.12836e-06
1.45747e-06
-1.55904e-06
-9.26915e-06
-1.34999e-05
6.75435e-06
6.22585e-05
0.000100478
-1.0834e-05
-0.000341219
-0.000605886
-0.000107549
0.00152065
0.0029746
0.0011715
-0.00547876
-0.0119255
-0.00672718
0.0158039
0.0391087
0.0275031
-0.0358562
-0.104987
-0.0862826
0.06166
0.230684
0.214095
-0.0727715
-0.414484
-0.426585
0.0352276
0.607779
0.688353
0.0715455
-0.724872
-0.904128
-0.221515
0.699251
0.96961
0.344966
-0.540471
-0.850509
-0.379402
0.329061
0.610685
0.31929
-0.152362
-0.358914
-0.212249
0.0489214
0.172507
0.113219
-0.00699186
-0.0676772
-0.0488898
-0.00294262
0.0216008
0.01718
0.00261464
-0.00557883
-0.00492846
-0.00110531
0.00115535
0.00115632
0.000327116
-0.00018874
-0.000222072
-7.38558e-05
2.35227e-05
3.49105e-05
1.31537e-05
-2.05242e-06
-4.48847e-06
-1.87848e-06
8.52179e-08
4.71112e-07
2.17075e-07
7.46185e-09
-4.02396e-08
-2.04082e-08
-1.92626e-09
2.78237e-09
1.5661e-09
2.21282e-10
-1.54378e-10
-9.82824e-11
-1.76273e-11
6.76604e-12
5.04856e-12
1.06787e-12
-2.26908e-13
-2.12283e-13
-5.09579e-14
5.37437e-15
7.30094e-15
1.94837e-15
-6.40374e-17
-2.05017e-16
-6.02541e-17
-1.16193e-18
4.68614e-18
1.51558e-18
8.85624e-20
-8.67457e-20
-3.11114e-20
-2.76788e-21
1.28943e-21
5.22236e-22
5.93674e-23
-1.51597e-23
-7.17522e-24
-9.65126e-25
1.36766e-25
8.06992e-26
1.23405e-26
-8.78493e-28
-7.42422e-28
-1.26332e-28
2.9752e-30
5.57755e-30
1.04556e-30
1.10438e-32
-3.41157e-32
-7.03628e-33
-2.54063e-34
1.69061e-34
3.8638e-35
2.16308e-36
-6.73203e-37
-1.73482e-37
-1.24963e-38
2.12293e-39
6.37526e-40
5.4523e-41
-5.15093e-42
-1.91786e-42
-1.86817e-43
8.96495e-45
4.71969e-45
5.12067e-46
-8.56366e-48
-9.48599e-48
-1.13421e-48
-6.34533e-51
1.55264e-50
2.0422e-51
4.54685e-53
-2.05971e-53
-2.99988e-54
-1.05611e-55
2.19703e-56
3.60275e-57
1.64391e-58
-1.85814e-59
-3.54125e-60
-1.92532e-61
1.21222e-62
2.84943e-63
1.76789e-64
-5.71216e-66
-1.87572e-66
-1.29752e-67
1.52941e-69
1.00858e-69
7.69171e-71
2.16661e-73
-4.41739e-73
-3.70545e-74
-5.07532e-76
1.56868e-76
1.45608e-77
3.22131e-79
-4.48197e-80
-4.67747e-81
-1.35156e-82
1.01652e-83
1.22973e-84
4.24961e-86
-1.78268e-87
-2.64664e-88
-1.0458e-89
2.27267e-91
4.66031e-92
2.05531e-93
-1.69675e-95
-6.7038e-96
-3.26088e-97
-4.24685e-100
7.85671e-100
4.20314e-101
3.53255e-103
-7.46838e-104
-4.41834e-105
-6.13807e-107
5.7154e-108
3.79649e-109
6.9446e-111
-3.47584e-112
-2.66968e-113
-5.86298e-115
1.63822e-116
1.53683e-117
3.86721e-119
-5.64664e-121
-7.23857e-122
-2.03522e-123
1.17042e-125
2.78562e-126
8.64232e-128
4.36943e-131
-8.73566e-131
-2.98054e-132
-1.53271e-134
2.22274e-135
8.38159e-137
7.30605e-139
-4.55586e-140
-1.92641e-141
-2.23001e-143
7.42861e-145
3.6233e-146
5.05599e-148
-9.40785e-150
-5.57891e-151
-8.93923e-153
8.76183e-155
7.02883e-156
1.25984e-157
-5.02356e-160
-7.23618e-161
-1.43188e-162
-1.55576e-166
6.07199e-166
1.32132e-167
4.14408e-170
-4.1354e-171
-9.94001e-173
-5.43206e-175
2.27009e-176
6.11096e-178
4.47512e-180
-9.92352e-182
-3.07428e-183
-2.72527e-185
3.37623e-187
1.2661e-188
1.29167e-190
-8.4914e-193
-4.26683e-194
-4.87519e-196
1.34242e-198
1.17513e-199
1.48309e-201
-1.05803e-205
-2.63844e-205
-3.66189e-207
-6.97936e-210
4.80969e-211
7.36952e-213
2.52262e-215
-7.07073e-217
-1.2119e-218
-5.61225e-221
8.28584e-223
1.63072e-224
9.18178e-227
-7.57195e-229
-1.79632e-230
-1.16669e-232
5.14008e-235
1.61928e-236
1.17933e-238
-2.23453e-241
-1.19303e-242
-9.60298e-245
1.32529e-248
7.16712e-249
6.34443e-251
7.31825e-254
-3.49693e-255
-3.41574e-257
-7.31678e-260
1.37669e-261
1.5025e-263
4.39839e-266
-4.32437e-268
-5.40767e-270
-1.93354e-272
1.06126e-274
1.59328e-276
6.5873e-279
-1.94353e-281
-3.84175e-283
-1.78341e-285
2.31782e-288
7.57187e-290
3.88711e-292
-5.78681e-296
-1.2171e-296
-6.87176e-299
-4.77468e-302
1.58938e-303
9.8974e-306
1.32537e-308
-1.67557e-310
-1.16456e-312
-2.15411e-315
1.41068e-317
1.12108e-319
2.51973e-322
-0
-0
-0
0
0
0
-0
-0
-0
0
0
0
0
-0
-0
-0
0
0
0
-0
-0
-0
0
0
0
-0
-0
-0
0
0
0
-0
-0
-0
-0
0
0
0
-0
-0
-0
0
0
0
-0
-0
-0
0
0
0
-0
-0
-0
0
0
0
0
-0
-0
-0
0
0
0
-0
-0
-0
0
0
0
-0
-0
-0
0
0
0
-0
-0

