9.13628e-192
1.01514e-192
1.12794e-193
1.25326e-194
1.39251e-195
1.54724e-196
1.71915e-197
1.91017e-198
2.12241e-199
2.35823e-200
2.62026e-201
2.9114e-202
3.23489e-203
3.59432e-204
3.99369e-205
4.43743e-206
4.93048e-207
5.47831e-208
6.08701e-209
6.76335e-210
7.51482e-211
8.34978e-212
9.27747e-213
1.03081e-213
1.14526e-214
1.27226e-215
1.41278e-216
1.56693e-217
1.73163e-218
1.89281e-219
2.00023e-220
1.89118e-221
1.11408e-222
8.82288e-224
3.6588e-224
1.36592e-223
1.76416e-223
1.90411e-223
1.95156e-223
1.96747e-223
1.97278e-223
1.97455e-223
1.97514e-223
1.97534e-223
1.97541e-223
1.97543e-223
1.97544e-223
1.97544e-223
1.97544e-223
1.97544e-223
1.97544e-223
1.97544e-223
1.97544e-223
1.97544e-223
1.97544e-223
1.97544e-223
1.97544e-223
1.97544e-223
1.97544e-223
1.97544e-223
1.97544e-223
1.97544e-223
1.97544e-223
1.97544e-223
1.97544e-223
1.97544e-223
1.97544e-223
1.97544e-223
1.97544e-223
1.97544e-223
1.97544e-223
1.97544e-223
1.97544e-223
1.97544e-223
1.97544e-223
1.97544e-223
1.97544e-223
1.97544e-223
1.97544e-223
1.97544e-223
1.97544e-223
1.97544e-223
1.97544e-223
1.97544e-223
1.97544e-223
1.97544e-223
1.97544e-223
1.97544e-223
1.97544e-223
1.97544e-223
1.97544e-223
1.97544e-223
1.97544e-223
1.97544e-223
1.97544e-223
1.97544e-223
1.97544e-223
1.97544e-223
1.97544e-223
1.97544e-223
1.97544e-223
1.97544e-223
1.97544e-223
1.97544e-223
1.97544e-223
1.97544e-223
1.97544e-223
1.97544e-223
1.97544e-223
1.97544e-223
1.97544e-223
1.97544e-223
1.97544e-223
1.97544e-223
1.97544e-223
1.97544e-223
1.97544e-223
1.97544e-223
1.97544e-223
1.97544e-223
1.97544e-223
1.97544e-223
1.97544e-223
1.97544e-223
1.97544e-223
1.97544e-223
1.97544e-223
1.97544e-223
1.97544e-223
1.97544e-223
1.97544e-223
1.97544e-223
1.97544e-223
1.97544e-223
1.97547e-223
1.9757e-223
1.97698e-223
1.98262e-223
2.00352e-223
2.06542e-223
2.16321e-223
1.55148e-223
7.0295e-223
3.34264e-222
1.09542e-220
2.90246e-219
3.57114e-218
1.08253e-217
5.44966e-216
1.36502e-214
1.71142e-213
8.02064e-213
1.66265e-211
4.82858e-210
6.56381e-209
4.37833e-208
2.73819e-207
1.25689e-205
1.95143e-204
1.69987e-203
1.81383e-203
2.20258e-201
4.29758e-200
4.67789e-199
2.48149e-198
1.86079e-197
6.51749e-196
8.99739e-195
7.45926e-194
1.89102e-193
5.57557e-192
1.15214e-190
1.29061e-189
8.67607e-189
4.20225e-189
8.31654e-187
1.37233e-185
1.35321e-184
8.02281e-184
2.40944e-184
7.72606e-182
1.15703e-180
1.07364e-179
6.20606e-179
2.63164e-179
4.66239e-177
6.99953e-176
6.48125e-175
3.95819e-174
8.04122e-174
1.73868e-172
2.989e-171
2.91834e-170
1.96532e-169
7.30415e-169
2.91671e-168
8.50625e-167
9.41269e-166
7.15097e-165
3.68567e-164
5.85114e-164
1.34811e-162
2.0272e-161
1.80349e-160
1.15761e-159
4.83096e-159
2.26568e-160
2.44506e-157
2.92076e-156
2.29853e-155
1.33567e-154
5.01827e-154
2.16888e-154
2.47166e-152
2.72414e-151
2.02879e-150
1.13889e-149
4.36935e-149
2.51996e-149
1.44329e-147
1.66396e-146
1.24535e-145
7.12234e-145
3.00897e-144
6.16286e-144
4.13142e-143
6.39675e-142
5.16941e-141
3.14191e-140
1.49068e-139
4.89559e-139
1.88153e-139
1.32435e-137
1.35431e-136
9.22428e-136
4.93969e-135
2.0801e-134
5.82598e-134
2.73238e-134
1.84298e-132
1.63878e-131
1.02591e-130
5.14922e-130
2.06859e-129
5.77876e-129
8.75035e-130
1.31911e-127
1.18442e-126
7.28861e-126
3.61342e-125
2.37788e-124
7.6226e-124
1.28947e-123
2.40863e-122
1.12777e-121
3.06533e-121
5.61881e-121
7.47689e-121
7.60536e-121
6.16673e-121
4.13279e-121
2.36291e-121
1.18422e-121
5.31207e-122
2.15355e-122
7.75515e-123
2.2097e-123
1.20392e-124
6.33809e-124
9.30389e-124
1.1338e-123
1.43987e-123
2.07348e-123
3.5469e-123
7.39381e-123
1.88481e-122
5.69018e-122
1.82152e-121
3.92307e-121
2.56686e-120
5.31957e-119
5.23787e-118
3.37845e-117
1.4303e-116
3.74787e-116
4.94611e-116
1.89403e-116
2.20674e-115
4.93237e-115
6.84892e-115
6.99036e-115
5.66694e-115
3.84376e-115
2.2739e-115
1.21648e-115
6.08228e-116
2.9307e-116
1.40068e-116
6.82159e-117
3.46973e-117
1.88196e-117
1.1033e-117
6.9682e-118
4.49449e-118
2.15016e-118
2.47121e-118
1.74554e-117
7.82374e-117
3.60581e-116
1.78943e-115
9.04243e-115
4.06921e-114
1.20188e-113
1.14658e-113
3.82248e-112
2.34653e-111
8.41472e-111
2.02268e-110
3.45518e-110
4.36833e-110
4.23114e-110
3.23878e-110
2.01423e-110
1.04153e-110
4.54676e-111
1.67315e-111
4.93526e-112
8.57107e-113
2.69065e-113
4.45137e-113
3.82769e-113
2.95353e-113
2.32223e-113
1.98309e-113
1.9201e-113
2.17691e-113
2.95801e-113
4.87703e-113
9.71539e-113
2.26341e-112
5.6352e-112
1.13176e-111
1.34051e-111
3.94e-110
3.13419e-109
1.64427e-108
6.11227e-108
1.62512e-107
3.10055e-107
4.26145e-107
4.21435e-107
2.92382e-107
1.24896e-107
4.07264e-109
4.66397e-108
5.01005e-108
3.59801e-108
2.13359e-108
1.13585e-108
5.71871e-109
2.83463e-109
1.43193e-109
7.60661e-110
4.37482e-110
2.79893e-110
2.04159e-110
1.73364e-110
1.73923e-110
2.06916e-110
2.8681e-110
4.32607e-110
5.45022e-110
5.73422e-110
1.15553e-108
8.22935e-108
4.41706e-107
1.8615e-106
6.01518e-106
1.44945e-105
2.54862e-105
3.20145e-105
2.75084e-105
1.36796e-105
7.60291e-107
8.86266e-106
1.00802e-105
7.67534e-106
4.69646e-106
2.49552e-106
1.21026e-106
5.57015e-107
2.51659e-107
1.15119e-107
5.48878e-108
2.80378e-108
1.57481e-108
9.96182e-109
7.24749e-109
6.16234e-109
6.16991e-109
7.2138e-109
9.44158e-109
1.19829e-108
4.98899e-109
7.59678e-108
5.73849e-107
2.99308e-106
1.2449e-105
4.10773e-105
1.04979e-104
2.04001e-104
2.98779e-104
3.29105e-104
2.72159e-104
1.66623e-104
7.07613e-105
1.42135e-105
7.21788e-106
1.01146e-105
7.1713e-106
4.01561e-106
1.99473e-106
9.34224e-107
4.30694e-107
2.02499e-107
1.00195e-107
5.36949e-108
3.20059e-108
2.17393e-108
1.71826e-108
1.60617e-108
1.7912e-108
2.3757e-108
3.66421e-108
6.20723e-108
1.00432e-107
8.44871e-108
4.37414e-107
3.41872e-106
1.47428e-105
4.57982e-105
1.06807e-104
1.89259e-104
2.57576e-104
2.73229e-104
2.30134e-104
1.57209e-104
8.90931e-105
4.2859e-105
1.78953e-105
6.61921e-106
2.20554e-106
6.68167e-107
1.82491e-107
4.21669e-108
5.57503e-109
2.392e-109
3.28405e-109
2.80288e-109
2.29401e-109
2.01066e-109
1.99026e-109
2.29542e-109
3.13753e-109
5.10023e-109
9.74049e-109
2.11959e-108
4.99288e-108
1.18451e-107
2.57751e-107
4.52718e-107
4.90679e-107
1.57316e-107
2.01592e-106
4.80909e-106
7.20812e-106
7.87975e-106
6.68846e-106
4.59357e-106
2.64019e-106
1.30925e-106
5.76504e-107
2.31732e-107
8.73421e-108
3.16864e-108
1.13506e-108
4.11586e-109
1.54765e-109
6.17578e-110
2.6724e-110
1.2784e-110
6.86501e-111
4.17303e-111
2.85646e-111
2.12275e-111
1.48804e-111
2.47671e-112
3.5774e-111
1.64345e-110
0

